#OTU_ID	Beads_Chitosan_0_B	Beads_Chitosan_0_C	Beads_Chitosan_0_A	Beads_Chitosan_12_A	Beads_Chitosan_12_B	Beads_Chitosan_12_C	Beads_Chitosan_24_B	Beads_Chitosan_24_C	Beads_Chitosan_36_B	Beads_Chitosan_36_C	Beads_Chitosan_48_B	Beads_Chitosan_48_C	Beads_Chitosan_48_A	Beads_Chitosan_60_B	Beads_Chitosan_60_C	Beads_Chitosan_60_A	Beads_Chitosan_72_A	Beads_Chitosan_72_B	Beads_Chitosan_72_C	Beads_Chitosan_84_A	Beads_Chitosan_84_B	Beads_Chitosan_84_C	Beads_Chitosan_108_B	Beads_Chitosan_108_C	Beads_Chitosan_108_A	Beads_Chitosan_132_B	Beads_Chitosan_132_C	Beads_Chitosan_132_A	Beads_Chitosan_156_B	Beads_Chitosan_156_C	Beads_Chitosan_156_A	Beads_Chitosan_204_A	Beads_Chitosan_204_B	Beads_Chitosan_204_C
ESV_1	0	0	0	0	0	0	0	0	0	0	0	25	0	287	122	0	45	1017	221	44	260	187	591	462	94	282	199	0	365	1201	112	55	182	403
ESV_2	0	0	58	142	49	0	0	28	98	22	49	28	22	186	40	76	1930	3722	3177	308	22	264	618	1798	11579	1953	48	280	1251	3858	3678	17207	8533	15638
ESV_3	4972	4415	2677	8497	7780	14650	3987	4741	3096	9824	3088	4713	3262	3548	8893	1751	3529	6459	6299	5088	4474	3426	3161	4548	4714	4615	4867	2863	3177	3828	5453	3100	6686	5021
ESV_4	0	0	0	308	26	0	44	37	234	44	0	24	53	1738	55	247	1114	9930	3418	117	59	94	312	198	1468	1006	47	31	475	1085	222	463	894	557
ESV_5	11	13	0	128	153	25	39	45	332	89	46	41	126	3846	73	563	4759	22045	8980	440	176	373	627	1260	5137	963	43	73	255	891	573	1066	1011	1556
ESV_6	38	57	369	82	71	92	0	111	250	192	117	238	291	26922	623	1691	13908	182382	114097	1575	1700	12358	12284	57222	40156	27089	241	864	15053	39727	13304	68195	103391	174450
ESV_7	0	35	0	254	215	0	76	0	193	0	0	0	0	729	0	162	847	4298	2226	71	0	0	142	311	1502	0	0	0	193	395	0	589	851	740
ESV_8	0	0	0	268	0	0	0	0	266	0	0	18	20	1070	24	162	912	6602	2000	155	72	101	285	173	754	434	35	0	216	735	74	190	394	210
ESV_9	0	0	37	628	200	78	126	162	415	0	49	42	88	3235	101	398	3627	24560	8302	439	482	854	1303	1604	4490	3108	46	93	893	1150	526	1939	5357	2117
ESV_10	73	0	96	0	0	38	61	0	1626	239	378	459	1931	46398	1506	9388	36710	120118	88181	2149	758	5022	1440	11472	24427	3167	95	368	2202	8623	5750	19486	11661	24210
ESV_11	0	0	15	1174	661	41	80	94	775	86	91	0	61	2014	64	288	1450	7663	4467	121	0	114	169	594	1002	118	26	0	141	289	178	306	205	318
ESV_12	2605	2340	1219	4115	4142	7342	1877	2386	1448	5377	1448	2269	1467	1786	5305	986	1920	3380	2876	2199	2181	1528	1664	1925	2131	2224	2505	1360	1968	1836	2453	1695	4741	2444
ESV_13	0	0	0	19	0	0	0	0	0	0	0	0	0	270	44	30	147	1403	503	32	0	15	39	58	211	125	48	0	144	824	57	44	134	278
ESV_14	0	0	0	74	66	0	0	0	0	16	0	0	0	46	0	0	26	107	86	0	58	0	51	0	0	45	0	0	40	136	0	0	98	80
ESV_15	0	0	0	46	85	0	203	307	0	0	42	0	0	110	57	0	0	92	0	0	94	0	70	0	0	27	0	0	24	67	0	0	143	0
ESV_16	0	0	0	187	107	0	0	0	163	99	0	40	59	2866	57	370	3297	21056	8562	513	200	873	1345	1974	4900	4041	0	123	1352	1590	794	3620	8523	4464
ESV_17	0	13	0	77	252	0	350	569	0	0	0	0	0	36	0	0	0	53	16	18	22	0	0	0	23	0	0	0	0	0	0	0	51	0
ESV_18	0	0	0	257	134	28	0	40	190	23	0	0	15	334	30	60	373	2857	584	30	31	71	79	95	268	135	0	0	111	459	29	94	204	147
ESV_19	0	0	0	95	249	0	0	0	76	0	0	0	0	516	0	84	585	2657	1152	90	0	41	59	0	621	0	0	0	55	336	103	106	0	267
ESV_20	0	0	0	52	0	0	0	0	0	0	0	0	0	137	0	29	148	1260	172	23	0	0	91	91	355	169	55	0	133	864	87	245	462	681
ESV_21	0	0	0	645	148	41	0	0	364	38	32	20	33	974	31	188	990	5337	2594	256	60	225	106	360	866	153	0	0	87	80	71	214	108	218
ESV_24	247	284	0	165	0	1980	0	24	28	0	0	40	0	51	79	0	60	208	178	92	0	32	0	89	129	19	0	0	0	24	31	69	89	151
ESV_25	0	0	0	18	0	0	0	0	364	168	66	66	161	487	0	1345	3203	2821	2134	50	0	100	0	62	324	0	0	0	0	0	0	0	0	0
ESV_27	0	8	0	462	346	19	0	84	269	38	0	0	30	664	47	73	221	1450	744	12	0	33	54	35	78	0	0	0	36	0	0	24	109	0
ESV_28	0	0	0	0	0	0	0	0	0	0	0	0	0	0	0	0	15	48	0	22	34	0	32	24	0	38	33	0	0	535	0	0	0	83
ESV_30	0	0	0	0	0	0	0	0	0	0	0	0	0	0	0	0	0	41	0	0	20	0	26	0	18	88	28	15	32	1005	0	0	0	153
ESV_31	0	0	0	199	0	0	0	11	69	0	0	0	0	280	16	61	381	2058	739	37	19	21	119	142	456	233	12	9	203	368	145	378	451	400
ESV_32	6	0	0	390	138	41	48	28	345	28	38	38	23	920	0	48	284	3223	1043	23	49	28	35	57	36	85	0	0	0	0	0	0	63	22
ESV_33	0	0	0	24	0	0	17	0	30	0	0	0	0	50	0	19	30	84	134	20	12	18	0	0	13	0	0	0	0	0	0	0	31	0
ESV_34	0	0	0	0	31	0	0	0	20	0	7	0	0	39	0	0	13	97	51	0	17	0	0	0	0	0	0	0	18	0	0	0	28	0
ESV_35	0	0	0	148	0	0	0	0	0	0	0	0	0	119	0	45	195	499	549	17	0	0	39	163	543	57	0	17	0	162	276	909	130	604
ESV_40	0	0	0	108	76	0	0	0	0	0	0	0	0	98	0	0	141	976	340	0	0	37	83	132	394	267	52	40	213	438	90	333	654	583
ESV_42	7	20	124	0	0	32	0	28	0	36	11	78	0	725	30	98	1752	2871	4441	218	24	394	112	5511	5222	1029	100	573	1976	16031	8747	52862	21614	73873
ESV_43	0	0	0	133	106	14	69	0	28	0	9	0	0	34	0	0	93	139	80	0	13	0	0	0	0	0	0	0	0	51	0	0	45	0
ESV_45	0	0	0	93	80	0	0	0	42	0	0	0	0	118	0	25	156	1038	376	34	0	35	89	72	376	300	0	0	87	336	54	216	698	520
ESV_48	0	0	0	0	0	0	0	0	81	0	0	0	0	76	0	0	123	1100	261	0	0	0	50	91	129	123	53	0	41	320	0	59	207	217
ESV_50	0	0	0	488	177	0	51	70	158	32	0	24	0	549	0	74	456	1135	1320	0	0	32	35	155	87	0	0	0	0	0	28	0	0	0
ESV_51	0	0	0	29	94	0	0	0	0	0	0	0	0	13	0	0	126	312	438	32	0	23	34	88	428	187	0	0	105	463	136	390	572	829
ESV_54	0	0	0	176	203	269	0	5	62	11	0	20	0	84	5	9	162	383	1483	40	9	63	16	103	309	19	0	0	18	340	81	528	534	349
ESV_57	0	0	0	91	87	0	0	0	0	0	50	0	0	84	28	0	167	421	427	0	0	0	0	53	240	0	0	0	0	126	0	125	0	169
ESV_58	0	0	0	51	0	0	0	0	17	0	0	0	0	0	0	0	0	0	30	0	32	0	0	0	0	0	0	19	21	519	12	24	0	372
ESV_61	0	0	0	134	211	0	0	0	0	50	0	0	0	275	0	81	116	1050	801	0	43	33	35	0	260	103	0	0	63	144	0	89	83	158
ESV_62	0	0	0	0	0	0	0	0	0	0	0	0	0	28	0	14	0	125	107	16	0	18	0	219	723	141	0	29	175	479	881	5260	657	4356
ESV_66	0	0	0	0	67	0	0	0	0	0	0	0	0	456	54	193	1484	2587	4093	151	58	233	98	692	2634	128	0	46	209	289	446	1068	374	1058
ESV_69	0	0	11	285	0	0	0	14	18	0	16	18	0	93	0	0	52	355	181	0	0	0	0	0	0	0	0	0	0	29	0	30	22	3463
ESV_71	0	0	0	0	0	0	0	0	0	0	0	0	0	0	0	0	0	71	186	0	0	0	0	32	20	0	12	0	40	247	23	24	0	99
ESV_72	0	0	0	30	0	0	0	0	0	0	0	0	0	434	0	141	896	2894	2174	75	0	99	65	142	681	0	0	0	0	112	0	85	126	184
ESV_76	0	0	0	16	27	0	0	4	19	0	0	0	25	116	0	24	312	1105	828	16	27	135	87	379	564	330	0	43	107	397	122	572	846	1470
ESV_78	0	0	0	0	0	0	0	0	3	0	0	0	0	168	5	30	569	911	816	154	12	229	401	870	1966	270	8	63	81	246	208	287	72	228
ESV_79	0	0	0	0	0	0	0	0	14	0	0	0	0	0	0	0	58	100	60	0	0	0	0	23	67	24	0	18	0	19	8	0	14	59
ESV_80	0	0	0	82	81	0	0	0	16	0	0	0	0	71	0	0	133	339	326	32	25	29	31	137	352	134	0	15	81	284	61	270	514	441
ESV_81	0	0	20	68	119	0	0	0	39	0	0	0	19	99	0	67	361	857	697	80	0	31	45	78	858	105	0	0	53	128	246	295	123	255
ESV_84	0	0	0	145	64	0	30	0	21	0	14	0	0	20	0	9	80	15	145	10	14	0	0	92	158	24	0	0	0	79	0	68	147	144
ESV_85	0	0	0	0	0	0	0	0	0	0	0	0	0	95	17	63	806	2454	1974	142	0	171	83	331	1235	64	0	0	8	169	9	7	31	27
ESV_87	0	0	0	144	0	15	0	21	97	0	0	13	0	101	0	28	58	721	379	0	0	25	0	44	97	101	0	0	40	59	0	38	142	122
ESV_88	0	0	0	144	88	0	0	0	70	0	0	0	0	253	0	0	89	594	385	0	0	0	16	0	41	27	0	0	0	0	0	0	0	0
ESV_90	0	0	0	49	155	0	0	0	0	0	0	0	0	115	0	29	180	478	372	0	0	19	31	77	516	53	0	12	45	138	162	478	43	369
ESV_93	14	0	16	0	0	0	56	21	29	47	17	19	140	4639	89	1786	15415	20509	19105	1045	98	1464	148	3155	9523	466	34	167	461	2148	2347	7790	3039	5199
ESV_96	0	0	0	0	0	0	0	0	27	0	0	30	0	936	38	90	825	4467	1918	97	33	169	78	389	926	183	0	0	50	214	50	206	175	337
ESV_97	0	0	35	0	0	0	0	0	116	40	50	51	90	3559	156	685	6293	20564	20322	737	146	2267	881	6676	13312	1384	0	288	629	3640	2429	8905	3394	11634
ESV_99	0	0	0	215	166	0	0	0	25	0	0	0	0	92	0	15	71	984	402	12	0	26	17	95	306	75	0	0	33	92	43	158	138	263
ESV_100	0	0	0	81	39	0	0	0	0	0	0	0	0	53	0	0	116	317	189	44	0	0	0	88	172	0	0	0	0	129	113	196	109	193
ESV_101	0	0	14	0	0	0	0	0	0	0	0	0	0	0	0	0	28	59	149	0	0	0	12	213	674	281	0	52	171	563	110	1881	899	3446
ESV_102	0	0	0	124	0	0	0	0	45	23	0	0	19	211	14	65	359	797	1448	21	0	51	0	138	161	0	0	0	0	0	0	0	0	0
ESV_103	0	0	0	240	101	0	0	6	20	0	0	0	0	45	0	20	61	212	190	13	43	0	0	19	107	0	0	0	19	21	0	77	184	62
ESV_104	0	0	57	60	0	0	0	0	52	0	0	0	0	52	0	0	0	348	113	0	0	0	0	49	69	60	0	0	0	85	0	0	39	85
ESV_106	0	0	0	0	0	15	14	0	0	0	0	8	0	0	0	0	0	51	102	16	15	0	0	33	83	0	0	0	20	120	0	0	0	150
ESV_108	0	0	23	0	27	0	0	13	0	0	0	16	0	64	0	15	161	718	411	47	0	22	239	401	2735	461	29	73	643	523	794	1946	1480	3102
ESV_112	0	0	0	80	70	0	0	0	0	0	0	0	0	33	0	14	78	465	302	11	0	12	21	50	846	101	0	11	19	224	216	499	46	493
ESV_113	0	0	0	0	0	0	0	0	0	0	0	0	0	0	0	0	0	45	97	0	0	0	33	107	228	15	0	22	229	139	247	815	248	300
ESV_118	0	0	0	203	62	0	0	0	161	79	0	22	0	0	0	35	40	195	198	17	0	25	0	59	57	0	0	0	16	49	25	122	30	76
ESV_122	0	0	0	0	0	0	0	0	146	0	0	0	79	3807	87	605	4653	14612	13625	590	180	1269	621	3554	7589	971	0	178	512	1414	932	2837	1651	4398
ESV_128	0	0	0	0	0	11	0	0	36	0	0	0	0	161	0	0	129	1257	120	0	0	0	0	0	31	0	0	0	0	54	0	0	31	31
ESV_129	0	0	0	83	84	0	75	0	13	0	0	0	0	61	0	0	72	414	215	0	0	0	0	0	96	64	0	0	32	134	31	59	63	101
ESV_130	0	0	0	93	0	0	0	0	18	10	0	0	0	146	0	23	191	377	685	22	0	71	59	220	619	169	10	6	14	226	51	512	324	806
ESV_131	0	0	0	186	85	0	0	0	57	0	0	0	0	117	18	76	411	818	1764	68	0	105	138	1064	1380	224	0	39	161	423	672	3060	711	2034
ESV_133	0	0	0	59	0	13	0	0	29	0	0	0	0	166	0	14	93	916	97	0	0	0	40	0	41	0	0	0	0	48	0	0	0	17
ESV_134	0	0	6	0	0	3	0	0	0	0	4	0	0	7	0	0	43	41	34	0	0	32	27	117	496	167	0	13	93	243	194	1251	933	2129
ESV_136	0	0	0	0	0	0	0	0	0	6	0	6	0	80	0	28	971	1397	2280	250	20	192	186	400	2934	50	0	16	20	86	34	17	44	41
ESV_137	0	0	0	0	38	0	0	0	24	0	0	0	0	0	0	0	71	222	137	64	13	0	53	101	623	86	0	0	124	245	301	1814	536	1418
ESV_138	0	0	0	102	0	0	0	0	0	0	0	0	0	108	0	0	130	363	649	0	0	0	0	95	109	0	0	18	0	39	0	130	0	106
ESV_141	0	0	9	45	0	0	0	0	0	0	0	0	0	28	0	23	197	407	533	19	0	46	83	426	1128	243	0	25	204	223	385	1793	811	2615
ESV_142	0	0	0	0	75	0	0	0	0	0	56	0	0	79	0	0	129	237	120	0	0	0	30	44	152	77	0	0	37	120	105	501	241	244
ESV_144	0	0	0	50	0	0	0	31	154	43	0	0	0	1112	0	106	585	3057	2331	56	0	267	68	398	575	0	0	0	0	0	0	0	123	245
ESV_147	0	0	11	37	0	0	0	0	0	0	0	0	0	0	0	12	0	96	212	20	0	18	0	72	168	0	0	0	59	70	64	134	88	160
ESV_148	0	0	0	103	47	0	0	0	45	0	0	0	0	11	0	16	117	231	57	15	0	10	0	53	135	0	0	0	0	51	40	32	31	30
ESV_149	0	0	0	42	0	0	0	6	0	0	0	0	15	216	21	83	716	781	1645	119	0	92	0	328	1186	68	0	24	46	72	115	320	75	516
ESV_150	0	0	0	66	0	0	0	0	33	39	0	0	0	0	0	0	0	96	44	0	0	10	16	0	74	24	0	0	38	48	90	88	78	60
ESV_152	0	0	0	256	155	0	0	0	0	0	0	0	0	99	0	49	138	450	632	0	0	0	15	24	216	13	0	0	0	80	33	30	58	93
ESV_153	0	0	0	318	118	0	0	0	0	19	0	0	0	32	0	29	31	319	158	0	0	0	15	0	85	0	0	0	0	32	0	15	29	55
ESV_155	0	0	0	82	0	0	0	0	0	0	0	0	0	119	0	0	59	282	110	30	0	0	0	0	42	61	0	0	0	70	34	110	134	147
ESV_157	0	0	0	263	0	0	0	0	0	0	0	0	0	0	0	0	41	172	150	46	0	0	0	0	90	25	0	58	0	85	160	307	48	240
ESV_159	0	0	0	166	22	0	0	0	50	0	0	0	0	17	0	0	68	94	26	0	0	0	0	24	120	0	0	0	47	100	56	195	116	203
ESV_160	0	0	0	68	89	0	0	0	0	0	0	0	0	69	0	17	76	187	194	22	0	25	38	0	177	47	0	0	39	105	79	371	81	157
ESV_161	0	0	0	15	0	0	0	0	0	0	0	0	0	0	0	0	0	0	38	0	0	0	0	0	71	29	0	3	29	88	40	218	123	258
ESV_167	0	0	0	0	0	0	0	0	0	0	0	0	0	186	9	64	875	3164	3045	200	24	195	96	393	1825	0	0	0	0	52	21	21	0	67
ESV_168	0	0	0	39	0	0	0	0	0	0	0	0	0	83	0	43	137	427	357	0	0	0	0	71	361	120	0	0	0	125	50	391	0	347
ESV_172	0	0	0	43	84	0	0	0	18	0	0	0	0	39	31	0	53	275	166	0	13	11	5	52	240	42	0	0	0	61	14	170	95	416
ESV_174	0	0	0	115	69	20	0	15	72	0	0	0	0	0	0	0	100	269	270	16	0	28	16	92	229	44	0	0	24	123	144	233	169	198
ESV_176	0	0	0	0	0	0	0	0	90	18	9	40	67	412	90	134	1162	2387	7599	87	24	429	25	189	350	20	0	0	18	62	14	0	24	24
ESV_181	0	0	0	37	0	0	0	0	0	0	0	0	0	41	0	0	24	127	89	0	0	0	0	0	50	0	0	0	0	69	22	35	0	20
ESV_182	0	0	0	4	0	0	0	0	0	0	0	0	0	17	0	0	245	825	699	60	0	84	43	239	706	153	0	5	18	147	37	72	75	163
ESV_183	0	0	0	0	0	0	0	0	0	0	0	0	0	33	0	0	51	226	92	0	0	12	0	0	149	99	0	0	0	89	26	177	26	99
ESV_184	0	0	0	18	69	0	0	0	8	0	0	0	0	17	0	0	93	159	221	16	0	6	0	36	42	20	0	0	0	65	31	144	107	97
ESV_185	0	0	3	0	0	0	0	0	0	0	0	0	0	67	0	0	193	396	567	0	0	122	156	819	819	243	0	0	42	144	43	48	49	217
ESV_186	0	0	0	135	0	41	0	0	33	0	0	0	0	0	0	26	0	82	41	0	0	0	0	372	70	0	0	0	0	95	0	166	95	254
ESV_187	0	0	0	0	0	0	0	0	60	0	0	0	0	137	0	33	88	405	254	0	0	0	0	55	66	0	0	0	0	23	0	17	59	23
ESV_188	0	0	0	32	0	0	0	0	0	0	0	0	0	28	0	0	78	105	108	0	0	0	14	27	121	25	10	0	0	87	17	179	0	176
ESV_191	0	0	0	92	140	85	0	0	86	0	0	0	0	168	0	0	108	386	415	0	0	0	0	23	41	0	0	0	24	33	0	0	0	0
ESV_192	0	0	0	0	0	0	0	0	0	0	0	0	0	0	0	0	14	0	38	0	0	0	15	36	74	0	0	14	56	90	49	240	113	273
ESV_194	0	0	0	25	0	0	0	0	0	0	0	0	0	38	0	0	76	271	91	29	0	9	0	27	135	32	0	0	0	42	45	111	32	59
ESV_195	0	0	0	0	0	0	0	0	0	0	0	0	0	57	0	0	44	286	70	0	0	0	24	25	106	58	0	0	0	95	0	108	173	81
ESV_196	0	0	0	122	0	0	0	0	0	0	0	0	0	0	0	29	32	91	141	29	0	18	0	44	122	17	0	0	0	57	19	137	25	90
ESV_197	0	0	0	68	0	0	0	0	34	0	0	0	0	45	0	20	123	250	291	0	0	0	16	50	187	0	0	0	0	89	24	90	0	185
ESV_198	0	0	0	25	112	0	0	0	0	0	0	0	0	36	0	0	143	318	320	0	0	36	0	96	366	50	0	0	78	125	61	502	210	504
ESV_202	0	0	0	88	0	0	0	0	18	0	0	0	0	0	0	0	73	194	102	0	0	0	0	46	139	0	0	0	0	92	74	291	29	147
ESV_203	0	0	0	8	29	0	0	0	0	0	0	0	0	6	0	9	75	257	206	31	0	36	59	232	701	183	0	21	135	167	304	705	584	727
ESV_204	0	0	0	20	34	27	0	0	26	0	0	0	0	27	0	0	61	67	152	0	15	0	0	95	159	33	0	0	19	172	77	260	247	450
ESV_205	0	0	0	0	0	0	0	0	0	0	0	0	0	18	0	0	0	0	0	0	3	0	14	29	127	25	0	19	0	114	43	700	95	378
ESV_206	0	0	0	189	239	68	0	6	31	18	0	0	0	20	42	0	53	44	216	7	0	0	10	19	12	0	0	0	0	5	0	0	0	0
ESV_209	0	0	0	0	40	0	0	0	108	0	27	0	69	2347	79	599	3079	12209	7750	233	36	480	181	1747	2923	276	0	98	73	489	441	787	423	1020
ESV_211	0	0	0	120	93	0	0	0	0	0	0	0	0	78	0	0	152	354	388	0	10	0	0	50	392	66	0	0	0	99	74	190	68	134
ESV_215	0	0	0	104	0	0	0	0	29	16	0	0	0	0	0	0	68	0	145	0	0	0	0	57	279	51	0	0	36	89	154	360	40	214
ESV_216	0	0	0	0	25	0	0	0	0	0	0	0	0	54	0	0	7	303	104	0	0	8	7	11	57	19	0	0	42	162	46	35	86	97
ESV_220	0	0	0	0	0	0	0	0	0	0	0	0	0	7	0	15	88	223	229	20	0	24	56	104	731	237	0	0	155	203	360	1704	859	1579
ESV_223	0	0	0	15	0	0	0	0	0	0	0	0	0	32	7	23	138	608	563	16	0	18	7	0	46	0	0	0	0	10	0	0	0	0
ESV_225	0	0	0	38	0	0	0	0	57	42	0	0	0	951	79	117	1067	4969	5918	67	0	324	125	1297	1279	208	0	0	96	312	191	177	390	1077
ESV_226	0	0	0	0	0	0	0	0	1149	0	78	0	63	1480	24	476	1883	4328	6845	0	0	220	0	0	164	83	0	0	0	25	0	0	54	0
ESV_227	0	0	22	98	34	0	0	0	46	0	0	0	0	90	0	37	125	312	572	46	0	33	41	195	268	66	0	0	0	154	129	516	85	555
ESV_229	0	0	0	0	0	0	0	0	0	0	0	0	0	0	0	0	24	58	61	0	0	0	20	68	375	122	0	0	98	131	374	1303	282	902
ESV_232	0	0	0	63	45	0	0	0	0	0	0	0	0	56	0	15	84	371	193	11	0	0	0	57	294	79	0	30	0	58	28	178	55	142
ESV_234	0	0	0	84	91	0	0	0	24	0	0	0	0	0	44	0	51	212	90	0	24	0	26	20	71	50	0	0	0	0	37	0	0	49
ESV_244	0	0	0	165	31	18	0	0	0	0	0	0	0	50	0	28	133	289	491	29	0	19	30	169	209	31	0	0	0	98	78	250	47	545
ESV_245	0	0	0	0	0	0	0	0	0	0	0	0	0	23	0	0	78	260	270	15	0	0	32	200	705	125	0	0	35	62	17	46	0	16
ESV_247	0	0	0	150	68	0	0	0	0	15	0	0	0	0	10	0	0	131	225	0	0	0	18	0	125	30	0	0	0	57	0	0	0	35
ESV_248	0	0	0	23	36	0	0	0	0	0	0	0	0	10	0	14	0	21	56	0	0	0	0	0	34	8	0	0	0	26	0	41	0	37
ESV_249	0	0	0	22	0	21	0	0	0	0	0	0	0	110	0	25	370	553	1124	101	27	63	135	836	1656	250	0	41	168	369	467	1840	834	1844
ESV_251	0	0	0	0	5	0	0	0	0	0	0	0	0	3	0	0	19	20	10	0	0	12	0	17	23	0	0	3	0	55	10	0	44	185
ESV_252	0	0	0	0	0	0	0	0	0	0	0	0	0	13	0	0	50	81	176	10	15	8	10	71	185	21	0	0	27	133	59	178	21	373
ESV_253	0	0	0	30	0	0	0	0	0	0	0	0	0	21	0	11	32	140	170	0	0	8	30	93	567	67	0	19	44	169	187	458	196	418
ESV_255	0	0	0	57	0	0	0	0	0	0	0	0	0	0	0	0	0	100	43	0	0	0	34	38	411	90	0	0	0	53	136	527	563	696
ESV_256	0	0	0	58	0	0	0	0	45	0	0	0	0	46	0	30	56	139	179	0	0	0	0	80	113	64	0	0	123	37	53	324	121	290
ESV_257	0	0	0	42	0	0	0	0	0	0	0	0	0	0	0	0	53	29	72	0	17	28	49	136	436	157	0	18	102	164	208	464	300	808
ESV_258	0	0	0	81	42	34	0	0	21	0	0	0	0	0	0	0	8	25	0	14	0	23	15	20	10	28	0	10	0	14	0	14	115	72
ESV_259	0	0	0	23	41	0	0	0	0	0	0	0	0	24	0	0	11	83	75	0	0	18	12	10	78	68	0	0	0	38	0	76	0	187
ESV_260	0	0	0	0	0	0	0	0	0	0	0	0	7	0	0	0	0	0	53	14	0	0	11	63	100	19	0	0	50	135	101	1020	165	832
ESV_261	0	0	0	0	0	0	0	0	0	0	0	0	0	22	0	9	14	87	72	0	0	0	10	31	161	43	0	0	0	77	95	382	171	405
ESV_262	0	0	24	0	0	0	0	0	0	0	0	0	0	105	0	0	155	1647	2398	0	0	100	67	1614	1097	122	0	0	297	5867	576	5531	6965	10819
ESV_263	0	0	0	42	0	0	0	0	0	0	0	0	0	20	0	0	20	187	139	0	0	0	9	54	95	0	4	0	47	51	46	103	0	121
ESV_264	0	0	0	0	74	0	0	0	52	17	0	0	0	0	0	0	33	66	77	0	0	0	10	0	0	44	0	0	0	44	0	56	71	55
ESV_267	0	0	0	61	0	0	0	0	0	0	0	0	0	0	0	0	0	127	123	0	60	0	0	0	135	33	0	0	0	36	0	192	80	180
ESV_269	0	0	0	0	0	0	0	0	0	0	0	0	0	0	0	4	35	84	63	13	0	20	8	61	190	0	0	0	42	87	117	309	148	236
ESV_272	0	0	0	37	66	0	0	0	20	0	0	0	0	0	7	0	48	74	118	0	0	8	0	0	0	0	0	0	0	63	0	0	24	51
ESV_275	8	0	7	26	46	0	0	0	17	0	0	0	0	0	0	0	16	51	80	7	0	19	0	7	42	20	0	0	0	28	39	24	0	32
ESV_277	0	0	0	0	0	0	0	0	0	0	0	0	0	0	0	0	31	61	30	0	0	0	8	46	147	47	0	0	0	75	29	400	67	326
ESV_283	0	0	0	19	0	0	0	0	36	5	9	0	0	88	0	18	117	271	370	0	0	19	0	15	33	0	0	0	0	0	0	0	7	0
ESV_284	0	0	0	133	52	0	0	0	62	0	0	0	0	44	0	25	246	402	615	15	0	31	42	343	542	110	0	10	32	54	148	249	113	585
ESV_288	0	0	5	0	0	0	0	0	10	0	0	0	0	13	0	0	31	54	43	5	0	12	35	10	200	28	0	7	11	123	86	859	893	2445
ESV_290	0	0	0	0	0	0	0	0	0	0	0	0	0	33	12	25	45	115	106	17	0	0	0	64	383	0	0	0	37	110	113	527	138	489
ESV_292	0	0	0	0	0	0	0	0	0	0	0	0	0	49	0	0	315	520	624	0	0	56	0	191	424	0	0	0	0	162	34	228	0	221
ESV_294	0	0	0	0	0	0	0	0	19	0	0	0	0	36	11	15	103	90	223	0	0	6	0	0	56	0	0	0	0	9	0	0	0	0
ESV_295	0	0	0	87	0	0	0	0	0	0	0	20	0	0	0	0	26	146	106	0	0	0	0	70	65	0	0	0	0	33	0	103	37	147
ESV_296	0	0	0	23	0	0	0	0	0	0	0	0	0	0	0	0	0	68	70	0	0	0	0	47	71	0	0	0	0	108	44	371	191	425
ESV_297	0	0	0	71	0	0	0	0	30	0	0	0	0	54	0	39	115	221	341	17	0	0	0	95	302	0	0	0	50	63	95	414	86	154
ESV_298	0	0	0	0	0	0	0	0	21	0	0	0	0	61	0	0	0	215	123	0	0	0	0	46	84	77	0	0	0	58	0	79	0	121
ESV_302	0	0	0	0	0	0	0	0	0	0	0	0	0	107	0	25	168	620	390	0	0	40	23	58	101	25	0	23	0	26	0	22	0	36
ESV_303	0	0	0	12	0	0	0	0	0	0	0	0	0	20	0	0	21	37	136	11	0	0	38	61	172	67	0	7	46	125	136	227	317	419
ESV_304	0	0	0	79	39	21	0	0	9	0	0	0	0	34	0	0	72	211	200	0	17	15	0	0	116	16	0	0	0	29	37	95	98	0
ESV_308	0	0	6	13	0	0	0	0	0	0	0	0	0	24	0	0	57	74	146	0	0	8	18	84	227	0	0	0	22	140	89	373	111	543
ESV_315	0	0	0	0	0	0	0	0	0	0	0	0	0	0	0	0	8	0	0	0	0	21	0	75	36	21	0	0	27	71	0	149	102	169
ESV_319	0	0	0	0	55	0	0	0	0	0	0	0	0	0	0	0	39	130	214	0	0	0	0	30	210	32	0	0	0	57	117	351	46	160
ESV_321	0	0	0	0	0	0	0	0	29	0	4	0	0	316	0	51	462	2634	3110	0	0	135	61	135	165	0	0	0	0	0	0	0	0	0
ESV_327	0	0	7	0	22	0	0	0	0	0	0	0	0	0	0	36	147	363	407	58	0	46	42	674	922	113	0	25	100	186	342	719	147	592
ESV_328	0	0	0	0	0	5	0	0	0	0	0	0	0	0	0	0	30	83	0	6	0	0	0	52	114	0	0	8	19	70	0	159	81	276
ESV_331	0	0	0	41	69	0	0	0	40	0	0	0	0	0	13	0	47	48	29	0	0	0	0	112	63	0	0	0	0	47	0	43	0	79
ESV_333	0	0	0	0	0	0	0	0	0	0	0	0	0	50	0	0	48	0	159	0	0	46	0	81	140	35	5	25	0	70	0	109	0	193
ESV_334	0	0	0	32	0	0	0	0	0	0	0	0	0	18	0	0	0	118	102	0	0	0	10	14	90	28	0	0	18	34	46	74	85	39
ESV_335	0	0	9	0	0	0	0	0	0	0	0	0	0	4	0	0	29	160	162	18	0	15	18	130	351	55	0	7	0	76	74	94	48	186
ESV_336	0	0	0	73	0	0	0	0	0	0	0	0	0	28	0	0	36	53	79	0	0	0	0	0	0	34	0	0	0	63	60	47	0	64
ESV_340	0	0	0	0	25	0	0	0	0	0	0	0	0	0	0	8	15	42	54	0	18	0	12	47	56	58	0	6	29	56	20	91	115	289
ESV_346	0	0	0	0	0	0	0	0	0	0	0	0	0	0	0	0	66	156	231	0	0	0	0	74	94	59	0	0	0	34	34	165	0	272
ESV_349	0	0	0	80	155	0	0	0	0	0	0	0	0	29	0	23	58	67	362	33	16	9	0	97	444	27	0	0	11	120	116	1004	106	456
ESV_352	0	0	8	45	0	0	0	0	0	0	0	0	0	0	0	25	35	97	119	0	0	0	0	70	26	52	0	15	0	23	0	100	17	77
ESV_361	0	0	0	11	0	0	0	0	0	0	0	0	0	0	0	0	11	13	50	0	0	0	29	65	92	4	0	0	11	29	39	19	29	48
ESV_363	0	0	0	0	11	0	0	0	0	0	0	0	0	0	0	0	19	38	29	0	0	0	0	52	265	66	0	0	67	48	117	235	48	291
ESV_365	0	0	0	0	0	0	0	0	0	0	0	0	0	44	0	0	65	214	261	24	0	0	46	93	168	0	0	0	27	79	146	442	106	405
ESV_367	0	0	0	57	70	0	0	0	48	0	0	0	0	0	0	0	0	33	17	0	0	0	4	33	26	0	0	0	18	0	8	30	33	78
ESV_368	0	0	0	13	61	0	0	0	0	0	0	0	0	0	0	0	23	28	75	10	0	0	15	0	76	0	0	0	0	17	31	96	39	15
ESV_372	0	0	0	0	0	0	0	0	15	0	0	0	0	27	0	0	59	238	173	13	0	6	40	21	238	20	0	0	15	20	0	33	65	52
ESV_377	0	0	0	82	0	0	0	0	0	0	0	0	0	31	0	0	87	130	184	0	0	0	39	44	129	0	0	0	0	39	0	65	0	218
ESV_379	0	0	0	0	0	0	0	0	0	0	0	0	0	4	0	0	0	0	47	0	0	0	10	105	92	18	3	0	63	105	150	398	327	412
ESV_380	0	0	0	0	0	0	0	0	0	0	0	0	0	40	0	0	48	168	130	0	0	0	0	0	144	0	0	0	16	23	24	130	44	75
ESV_383	0	0	0	44	0	0	0	0	28	0	0	0	0	0	0	0	0	69	102	0	0	0	0	0	131	25	0	0	21	50	57	142	0	309
ESV_384	0	0	0	0	0	0	0	0	0	0	0	0	0	14	0	0	44	109	65	0	0	0	0	0	212	0	0	0	55	69	109	241	317	350
ESV_385	0	0	0	22	0	4	0	0	19	0	0	0	0	0	0	0	23	0	67	0	0	0	0	12	84	0	0	0	12	0	0	43	0	30
ESV_386	0	0	0	52	0	0	0	0	0	0	0	0	0	0	0	0	51	97	88	0	0	0	0	53	92	0	0	0	47	33	76	115	47	142
ESV_387	0	0	0	163	73	0	0	0	32	0	0	0	0	27	0	0	59	68	103	0	0	0	0	0	75	48	0	0	0	0	32	43	0	0
ESV_388	0	0	0	55	0	0	0	0	0	27	0	0	0	0	0	0	56	99	132	0	0	17	0	74	212	51	0	0	35	0	73	416	67	368
ESV_391	0	0	0	5	7	0	0	0	0	0	0	0	0	21	0	12	17	230	39	0	0	6	0	0	17	0	0	4	0	12	0	0	0	0
ESV_392	0	0	0	92	86	0	0	0	0	0	0	0	19	0	0	0	29	54	16	0	0	0	0	0	47	38	0	0	0	32	54	118	0	197
ESV_397	0	0	0	23	34	0	0	0	6	0	0	0	0	0	0	7	24	87	83	0	10	0	0	13	15	0	0	0	0	6	19	0	0	11
ESV_402	0	0	0	43	0	0	0	0	0	0	0	0	0	11	0	0	13	72	24	0	26	0	10	0	22	0	0	0	7	82	18	12	0	9
ESV_404	0	0	0	0	0	0	0	0	0	0	0	0	0	51	0	15	323	631	757	85	0	93	246	343	4692	180	0	17	74	65	94	39	0	0
ESV_407	0	0	0	64	0	0	0	0	0	0	0	0	0	0	0	0	87	160	189	0	22	0	0	54	161	0	0	0	0	0	48	116	49	124
ESV_410	0	0	0	0	36	0	0	0	0	0	0	0	0	15	0	0	0	139	80	0	0	0	0	30	154	72	0	0	35	66	118	217	0	204
ESV_411	0	0	0	0	57	0	0	0	24	0	0	0	0	29	2	14	56	33	139	0	0	0	0	6	8	0	0	0	0	0	0	0	0	0
ESV_412	0	0	0	0	0	0	0	0	31	0	0	0	0	32	0	0	112	263	276	19	0	0	0	48	175	0	0	0	0	0	90	249	74	325
ESV_420	0	0	0	42	0	0	0	0	0	0	0	18	0	33	0	0	54	200	261	0	0	0	0	90	156	0	0	0	0	0	69	110	0	194
ESV_421	0	0	0	0	0	0	0	0	0	0	0	0	0	36	0	0	91	54	302	0	0	0	0	136	613	0	0	0	47	89	236	573	82	420
ESV_428	0	0	0	74	29	0	0	0	0	0	0	0	0	0	0	0	40	158	36	0	0	0	0	0	78	4	0	0	0	36	32	46	11	43
ESV_429	0	0	0	78	45	0	0	0	0	14	0	0	0	44	0	0	123	193	458	0	0	0	0	121	243	84	0	0	29	36	112	399	108	280
ESV_438	0	0	0	0	0	0	0	0	0	0	0	0	0	0	0	0	25	64	118	0	0	10	9	89	115	18	0	13	15	100	83	716	188	1177
ESV_441	0	0	0	27	0	0	0	0	0	0	0	0	0	0	0	0	24	34	84	0	0	13	0	44	166	32	0	0	0	66	7	94	46	197
ESV_442	0	0	0	40	0	0	0	0	0	27	0	20	0	0	0	0	96	165	334	9	0	19	34	226	240	29	0	0	21	63	63	362	157	301
ESV_444	0	0	0	0	0	0	0	0	0	0	0	0	0	1613	0	255	1157	3947	2935	0	0	187	0	401	674	116	0	0	0	327	153	704	226	1155
ESV_447	0	0	0	0	0	0	0	0	0	0	0	0	0	8	0	0	17	47	41	0	0	0	24	81	72	42	0	0	29	51	30	240	65	126
ESV_452	0	0	0	19	59	0	0	0	0	0	0	0	0	39	0	0	104	232	286	0	0	23	0	0	192	49	0	0	0	45	0	60	37	207
ESV_455	0	0	0	0	0	0	0	0	0	0	0	0	0	0	0	0	21	0	103	0	0	15	10	133	250	32	2	8	54	217	84	300	142	673
ESV_458	0	0	0	0	0	0	0	0	9	0	0	0	0	6	0	9	8	50	33	0	0	0	11	0	27	0	0	0	0	18	16	20	0	0
ESV_459	0	0	0	0	0	0	0	0	0	0	0	0	0	4	0	0	13	0	81	11	0	0	11	85	138	38	0	10	31	80	55	476	83	859
ESV_460	0	0	0	0	0	0	0	0	0	0	0	0	0	0	0	0	16	69	90	0	0	0	20	59	410	63	0	0	51	77	226	729	199	708
ESV_462	0	0	0	70	21	0	0	0	0	0	0	0	0	0	0	0	41	125	107	12	0	0	0	41	92	0	0	0	18	56	0	97	0	89
ESV_463	0	0	0	9	0	0	0	0	0	0	0	0	0	0	0	0	37	49	58	24	0	0	0	234	84	0	3	0	11	42	0	114	0	138
ESV_466	0	0	0	0	0	0	0	0	0	0	0	0	0	149	0	0	120	344	0	42	0	0	102	7	367	31	0	17	14	0	88	89	13	24
ESV_468	0	0	0	12	0	0	0	0	0	0	0	0	0	0	0	0	0	0	96	31	0	0	15	41	270	102	5	0	19	56	57	102	0	46
ESV_471	0	0	0	0	0	0	0	0	0	0	0	0	0	0	0	0	104	102	362	31	0	25	0	97	277	12	0	0	21	36	55	319	81	279
ESV_473	0	0	0	0	0	0	0	0	0	0	0	0	0	12	0	0	15	21	32	0	18	0	0	14	35	35	0	0	27	23	0	77	42	70
ESV_474	0	0	0	13	0	0	0	0	0	0	0	0	0	0	0	32	365	1099	792	49	0	105	0	164	774	0	0	4	0	0	0	0	0	0
ESV_481	0	0	7	0	0	0	0	0	2	0	0	0	0	0	0	0	25	45	22	0	0	4	26	57	156	0	0	5	47	115	78	394	65	1101
ESV_483	0	0	0	13	0	0	0	0	26	0	0	0	0	0	0	0	46	117	136	0	0	0	0	22	76	12	0	0	0	32	28	73	82	53
ESV_484	0	0	0	14	59	0	0	0	0	0	0	0	0	19	0	10	50	186	154	0	0	8	0	26	99	0	0	0	0	34	26	11	0	17
ESV_485	0	0	0	0	0	0	0	0	0	0	0	0	0	11	0	0	20	57	61	0	0	20	0	27	31	13	0	0	0	51	0	0	18	0
ESV_486	0	0	0	27	0	0	0	0	0	0	0	0	0	0	0	0	39	0	54	0	0	0	16	0	49	0	0	16	0	18	0	84	45	151
ESV_496	0	0	0	39	0	0	0	0	0	21	0	0	0	0	0	0	0	38	29	0	0	0	0	8	49	0	0	0	12	27	0	65	0	44
ESV_497	0	0	0	39	145	0	0	0	75	0	0	0	0	0	0	0	54	44	47	0	0	0	0	20	14	0	0	0	0	0	0	0	21	18
ESV_499	0	0	0	9	0	0	0	0	16	0	0	0	0	0	0	0	9	8	16	0	0	0	0	0	43	0	0	0	0	37	0	32	45	27
ESV_503	0	0	0	79	0	0	0	0	28	0	0	0	0	41	34	0	45	507	281	13	0	0	0	12	110	0	0	0	0	18	0	0	20	20
ESV_505	0	0	0	0	0	0	0	0	0	0	0	0	0	0	0	0	17	83	56	0	0	0	8	33	79	0	0	0	18	51	15	141	37	465
ESV_510	0	0	0	0	0	0	0	0	0	0	0	0	0	22	0	0	45	154	154	0	0	0	19	47	202	61	0	0	0	46	52	284	66	262
ESV_513	0	0	0	0	0	0	0	0	0	0	0	0	0	6	0	0	5	23	0	0	0	0	19	0	39	49	0	0	30	7	35	45	138	37
ESV_515	0	0	0	17	0	0	0	0	20	0	0	0	0	21	0	0	32	0	84	0	0	0	0	36	121	0	0	0	10	24	23	40	0	40
ESV_518	0	0	0	0	0	0	0	0	0	0	0	0	0	0	0	0	39	63	96	0	0	0	0	18	115	31	0	0	0	28	23	279	0	294
ESV_524	0	0	0	0	0	0	0	0	0	0	0	0	0	0	0	0	31	87	131	0	0	20	0	50	221	0	0	0	44	60	71	232	39	260
ESV_525	0	0	0	0	0	0	0	0	0	0	0	0	0	0	0	0	57	0	101	0	0	0	38	0	216	52	0	0	41	88	94	314	53	228
ESV_527	0	0	0	0	0	0	0	0	0	0	0	0	0	26	0	0	82	101	68	0	0	0	8	42	75	0	0	0	0	22	0	51	0	107
ESV_529	0	0	0	0	0	0	0	0	0	0	0	0	0	14	0	0	38	0	112	0	0	28	24	405	205	58	0	24	0	127	115	144	147	335
ESV_531	0	0	0	0	0	0	0	0	0	0	0	0	0	0	0	0	41	55	63	0	0	0	36	65	146	69	0	0	0	62	54	99	0	170
ESV_532	0	0	0	12	0	0	0	0	17	0	0	0	0	0	0	0	0	15	0	0	0	14	0	37	127	0	0	0	14	54	12	118	61	186
ESV_538	0	0	0	0	0	0	0	0	0	0	0	0	0	0	0	0	50	59	21	0	0	0	12	16	68	0	0	11	0	23	25	51	34	67
ESV_541	0	0	0	69	0	0	0	0	0	0	0	0	0	10	0	14	113	124	374	24	0	23	20	524	259	42	0	8	26	57	100	454	77	366
ESV_543	0	0	0	0	0	0	0	0	0	0	0	0	0	13	0	0	14	15	94	0	0	0	0	41	140	40	0	0	0	48	104	242	46	139
ESV_544	0	0	0	24	27	0	0	0	0	0	0	0	0	28	0	0	158	387	545	17	0	20	55	934	512	35	0	0	48	92	206	516	221	478
ESV_549	0	0	0	29	0	0	0	0	0	0	0	0	0	91	0	13	227	502	1200	33	19	27	39	529	371	32	0	0	0	30	140	146	0	306
ESV_553	0	0	0	0	0	0	0	0	0	0	0	0	0	0	0	0	12	72	98	0	0	0	75	79	112	50	0	14	30	11	16	0	35	7
ESV_554	0	0	0	0	49	0	0	0	0	0	0	0	0	0	0	0	0	25	50	0	0	6	47	82	167	0	0	0	69	74	71	331	141	378
ESV_559	0	0	0	0	0	0	0	0	0	0	0	0	0	0	0	0	36	105	150	0	0	0	0	155	91	0	0	0	39	52	63	160	0	185
ESV_564	0	0	0	0	0	0	0	0	0	0	0	0	0	8	0	7	72	313	598	12	0	31	7	173	251	0	0	0	0	45	30	86	19	208
ESV_565	0	0	0	0	0	0	0	0	0	0	13	0	0	33	0	15	175	304	332	14	0	0	0	20	279	12	0	0	0	30	122	256	61	309
ESV_572	0	0	0	0	0	0	0	0	21	7	35	0	0	321	58	0	326	1401	1427	0	49	0	0	132	108	0	0	0	0	33	0	0	0	0
ESV_578	0	0	0	7	0	0	0	0	11	0	0	0	0	0	0	0	41	0	148	20	0	28	0	83	109	15	0	0	0	0	81	194	39	97
ESV_580	0	0	0	4	6	0	0	0	12	0	10	0	6	45	6	5	42	297	104	5	8	6	14	24	56	51	0	1	19	19	11	35	84	40
ESV_581	0	0	0	30	28	0	0	0	0	0	0	0	0	16	0	9	57	43	45	0	0	0	7	40	55	7	0	0	0	54	34	60	0	45
ESV_590	0	0	0	5	1	0	0	0	6	0	0	2	3	70	1	8	73	452	206	12	4	15	30	34	78	63	0	2	24	21	17	51	111	34
ESV_610	0	0	0	0	0	0	0	0	0	0	0	0	0	36	0	9	137	519	455	36	0	31	26	33	328	18	0	0	0	16	0	15	0	23
ESV_617	0	0	0	0	0	0	0	0	0	0	0	0	0	0	0	0	23	6	57	12	10	16	12	56	65	23	0	0	47	56	0	126	81	284
ESV_625	0	0	0	35	0	0	0	0	0	0	0	0	0	81	13	53	218	588	962	0	0	38	17	45	506	0	0	0	17	89	38	46	60	52
ESV_626	0	0	0	58	34	0	0	0	0	0	0	0	0	21	0	11	47	91	123	0	0	7	4	37	41	0	0	0	22	41	25	165	166	119
ESV_632	0	0	0	20	0	0	0	0	0	0	0	0	0	0	0	14	12	10	42	0	0	0	0	23	41	0	0	0	0	38	46	143	24	150
ESV_637	0	0	0	0	0	0	0	0	0	0	0	0	0	0	0	0	8	17	53	6	0	6	0	28	132	0	0	0	0	31	52	216	69	145
ESV_641	0	0	0	0	2	8	0	0	0	0	0	0	0	0	0	0	0	0	25	0	0	4	0	0	30	0	0	0	20	0	28	81	24	58
ESV_643	0	0	8	26	0	0	0	0	0	0	0	0	0	50	0	20	72	132	294	0	26	25	51	102	356	0	0	0	52	129	100	243	112	272
ESV_654	0	0	0	42	0	0	0	0	0	0	0	0	0	37	0	18	0	107	222	0	0	20	22	0	34	0	0	0	0	20	0	23	31	0
ESV_656	0	0	0	41	9	0	0	0	0	0	0	0	0	0	0	0	28	43	61	0	0	0	0	23	67	0	0	0	15	11	0	92	0	121
ESV_668	0	0	0	22	3	0	0	0	0	0	0	0	0	29	0	0	81	324	433	14	0	33	27	177	255	44	0	0	0	50	65	246	152	204
ESV_670	0	0	0	0	0	0	0	0	0	0	0	0	0	0	0	0	19	39	62	6	0	11	53	85	439	0	0	0	4	14	0	0	0	0
ESV_673	0	0	0	33	0	0	0	0	0	0	0	0	0	13	0	14	10	0	17	0	0	0	0	0	26	0	0	0	21	16	0	56	53	38
ESV_674	0	0	0	0	0	0	0	0	3	0	0	0	0	7	0	0	79	79	83	0	0	23	9	42	262	28	0	0	21	34	39	39	26	109
ESV_680	0	0	0	0	0	0	0	0	0	4	0	0	0	48	0	0	261	859	765	50	0	24	0	19	164	0	0	0	0	0	0	0	17	0
ESV_684	0	0	0	0	0	0	0	0	0	0	0	0	0	0	0	0	13	30	0	0	0	0	0	7	150	0	0	0	20	17	86	373	139	362
ESV_686	0	0	0	0	0	0	0	0	0	0	0	0	0	42	0	4	225	562	531	45	0	36	0	0	78	0	0	0	10	7	13	0	0	29
ESV_688	0	0	0	0	0	0	0	0	0	0	0	0	0	50	0	0	168	320	443	26	0	34	77	334	532	46	0	0	42	52	38	244	85	285
ESV_694	0	0	0	0	0	0	0	0	0	0	0	0	0	0	0	0	8	61	67	0	0	18	0	0	114	0	0	0	0	36	38	34	29	54
ESV_702	0	0	0	58	0	0	0	0	16	0	0	0	0	0	0	0	83	75	126	0	0	18	0	49	126	0	0	0	0	0	0	0	31	83
ESV_705	0	0	4	0	0	0	0	0	0	0	0	0	0	31	0	0	13	52	47	15	0	0	0	65	204	0	0	11	31	78	173	279	205	116
ESV_726	0	0	0	15	0	0	0	0	37	0	0	0	0	19	0	0	42	93	177	0	0	8	0	65	65	0	0	0	24	40	37	81	186	94
ESV_729	0	0	0	0	0	0	0	0	23	0	0	0	0	26	0	0	158	144	242	0	0	0	39	55	197	22	0	0	10	0	0	0	0	31
ESV_733	0	0	0	1	4	0	0	0	5	0	0	0	0	20	0	4	11	89	54	2	0	0	8	15	37	0	0	0	6	14	0	12	32	12
ESV_746	0	0	0	0	0	0	0	0	0	7	0	0	0	22	0	0	55	112	246	9	0	0	21	199	344	49	0	0	0	56	79	198	113	320
ESV_747	0	0	0	0	0	0	0	0	0	0	0	0	0	0	0	14	121	285	237	32	0	55	154	196	295	68	0	14	26	68	106	90	37	0
ESV_749	0	0	0	47	0	0	0	0	8	0	0	0	0	15	0	5	0	70	91	0	0	0	9	27	90	0	0	0	0	10	47	5	16	0
ESV_750	0	0	0	0	77	0	0	0	0	0	0	0	0	136	7	26	157	488	809	65	0	44	0	0	79	0	0	0	0	0	0	0	0	0
ESV_753	0	0	0	18	0	0	0	0	0	0	0	0	0	0	0	0	5	27	41	0	0	0	0	2	47	35	0	0	0	18	54	41	0	42
ESV_755	0	0	0	11	0	0	0	0	0	0	0	0	0	65	0	18	64	481	178	18	0	0	17	39	169	55	0	0	36	10	0	41	48	142
ESV_756	0	0	0	0	0	0	0	0	0	0	0	0	0	23	0	14	58	86	177	0	0	0	35	58	164	0	0	0	13	31	40	82	62	213
ESV_759	0	0	0	0	0	0	0	0	9	0	0	0	0	32	0	5	74	323	471	17	0	31	9	57	228	0	0	0	9	27	0	8	0	0
ESV_763	0	0	0	0	0	0	0	0	0	0	0	0	0	19	55	0	105	93	395	0	0	7	15	45	10	0	0	0	0	35	0	0	0	0
ESV_774	0	0	0	0	0	0	0	0	0	0	0	0	0	0	0	0	14	102	56	0	0	17	0	0	92	81	0	0	0	32	8	73	18	38
ESV_781	0	0	0	19	0	0	0	0	0	0	0	0	0	18	0	0	24	25	35	0	0	0	0	19	53	0	0	0	0	21	0	92	28	141
ESV_788	0	0	0	0	59	0	0	0	0	0	0	0	0	0	0	0	37	81	113	0	0	22	15	24	203	30	0	0	10	44	87	112	97	53
ESV_799	0	0	0	0	0	0	0	0	0	0	0	0	5	132	8	0	205	688	1293	0	0	47	0	94	92	0	0	0	14	0	0	0	0	0
ESV_800	0	0	0	0	0	0	0	0	0	0	0	0	0	26	0	0	88	106	177	0	0	0	0	66	95	19	0	0	13	0	49	59	38	82
ESV_801	0	0	0	0	0	0	0	0	0	0	0	0	0	11	0	0	0	9	16	0	0	20	0	17	50	19	0	0	0	21	8	0	0	43
ESV_809	0	0	0	33	0	0	0	0	0	0	0	0	0	0	0	0	0	24	116	0	0	0	0	131	115	43	0	0	17	52	78	263	109	436
ESV_810	0	0	0	0	1	0	0	0	0	0	0	0	0	0	0	0	1	6	8	0	0	0	0	6	15	5	0	0	0	36	8	14	4	32
ESV_821	0	0	0	0	0	0	0	0	0	0	0	0	0	0	0	0	43	164	132	0	0	0	0	97	112	30	0	0	0	43	0	150	43	333
ESV_828	0	0	0	22	0	0	0	0	0	0	0	0	0	0	0	0	12	21	55	0	0	0	0	17	64	25	0	0	24	31	39	194	0	164
ESV_835	0	0	10	0	0	0	0	0	0	0	0	0	0	949	0	0	320	2629	813	0	22	131	72	298	251	35	0	0	82	830	277	773	1951	1600
ESV_837	0	0	0	0	0	0	0	0	5	0	0	0	0	0	0	0	7	5	60	0	0	0	0	7	28	0	0	0	0	11	5	12	0	9
ESV_841	0	0	0	19	0	0	0	0	0	0	0	0	0	11	0	0	18	53	26	0	0	0	0	16	51	0	0	0	0	0	20	20	19	52
ESV_842	0	0	0	0	0	0	0	0	0	0	0	0	0	0	0	0	26	44	42	0	0	0	23	115	461	72	0	8	53	120	112	369	113	456
ESV_843	0	0	0	0	0	0	0	0	0	0	0	0	0	0	0	0	14	25	14	0	0	0	3	60	36	0	0	0	9	24	33	117	41	215
ESV_853	0	0	0	39	0	0	0	0	0	0	0	0	0	0	0	0	52	128	155	0	0	0	0	168	440	40	0	0	0	62	107	260	96	267
ESV_854	0	0	0	0	0	0	0	0	0	0	0	0	0	0	0	0	47	50	29	6	0	14	5	194	91	13	0	0	0	0	6	9	0	5
ESV_856	0	0	0	0	0	0	0	0	0	0	0	0	0	20	0	7	47	220	161	0	0	15	10	10	52	13	0	0	0	0	0	0	0	0
ESV_859	0	0	0	0	0	0	0	0	0	0	0	0	0	0	0	0	92	52	232	0	0	12	0	115	89	0	0	0	0	0	22	157	20	157
ESV_875	0	0	0	5	0	0	0	0	0	0	0	0	0	0	0	4	5	56	15	0	0	0	0	11	0	0	0	0	0	19	4	0	36	19
ESV_885	0	0	0	93	0	0	0	0	25	0	0	0	0	0	0	0	22	56	28	0	0	20	19	24	15	0	0	0	0	0	0	0	0	54
ESV_888	0	0	0	0	0	0	0	0	0	6	0	0	0	0	0	0	0	51	78	0	0	0	12	59	81	0	0	0	27	159	141	793	379	1085
ESV_890	0	0	0	15	0	0	0	0	0	0	0	0	0	16	0	0	115	54	276	0	0	22	29	72	192	0	0	4	0	0	57	53	0	65
ESV_891	0	0	0	0	0	0	0	0	0	0	0	0	0	0	0	0	0	7	35	0	0	3	11	24	163	54	0	9	19	48	40	268	0	207
ESV_909	0	0	0	37	0	0	0	0	0	0	0	0	0	28	0	0	72	42	108	0	7	0	7	22	219	7	0	8	10	15	44	41	45	30
ESV_925	0	0	0	0	0	0	0	0	0	0	0	0	0	12	4	8	26	14	120	0	0	0	0	41	183	21	0	0	0	42	17	217	77	212
ESV_930	0	0	0	0	0	0	0	0	0	0	0	0	0	22	0	6	58	266	68	0	0	24	39	0	106	0	0	0	0	20	0	0	0	17
ESV_942	0	0	0	13	0	0	0	0	6	0	0	0	0	11	0	0	16	101	146	0	0	8	6	71	43	23	0	0	0	16	0	62	20	92
ESV_947	0	0	0	0	0	0	0	0	0	0	0	0	0	19	0	0	34	52	79	0	0	8	12	33	47	30	0	0	9	33	0	102	156	182
ESV_959	0	0	0	0	0	0	0	0	0	0	0	0	0	5	0	0	18	27	17	0	0	6	53	23	100	38	0	4	9	29	72	117	41	62
ESV_960	0	0	0	0	0	0	0	0	22	0	0	0	0	0	0	0	6	8	31	3	0	0	0	17	71	0	0	0	0	20	37	104	0	181
ESV_977	0	0	0	19	0	0	0	0	0	0	0	0	0	0	0	0	7	16	18	0	0	0	0	0	15	19	0	0	0	15	13	8	0	27
ESV_985	0	0	0	16	80	0	0	0	0	0	0	0	0	0	0	0	23	23	71	11	0	0	0	18	63	0	0	7	13	12	41	53	31	53
ESV_995	0	0	0	0	0	0	0	0	0	0	0	0	0	76	0	0	181	495	58	0	0	21	18	25	169	0	0	0	0	40	94	290	207	191
ESV_996	0	0	0	0	0	0	0	0	0	0	0	0	0	0	0	0	21	66	33	0	0	0	10	32	121	43	0	0	18	10	54	82	39	96
ESV_997	0	0	0	0	0	0	0	0	0	0	0	0	0	39	0	0	0	95	140	0	0	0	32	247	104	0	0	0	0	23	70	144	0	237
ESV_1010	0	0	0	0	0	0	0	0	0	0	0	0	0	152	0	37	213	904	381	21	0	13	4	2	6	0	0	0	0	0	0	0	0	0
ESV_1014	0	0	0	0	0	0	0	0	0	0	0	0	0	158	0	0	469	1307	2075	53	0	144	0	423	762	60	0	0	0	258	159	422	403	1045
ESV_1020	0	0	0	0	0	0	0	0	0	0	0	0	0	0	0	0	37	64	51	0	0	0	9	0	85	22	0	7	0	47	23	152	0	89
ESV_1045	0	0	0	43	0	0	0	0	0	0	0	0	0	0	0	0	41	39	55	0	0	0	0	19	70	20	0	0	0	15	0	66	59	83
ESV_1061	0	0	0	0	0	0	0	9	0	0	0	0	0	24	0	0	57	0	41	0	0	5	0	109	79	0	0	0	0	0	53	131	39	98
ESV_1073	0	0	0	5	0	0	0	0	0	0	0	0	0	9	0	0	36	316	131	17	0	7	3	25	170	13	0	0	7	4	8	0	0	0
ESV_1074	0	0	0	0	0	0	0	0	0	0	0	0	0	0	0	0	2	15	16	0	0	0	0	9	26	0	0	0	5	24	0	33	16	17
ESV_1076	0	0	0	0	0	0	0	0	0	0	0	0	0	0	0	0	13	0	70	0	0	8	0	0	67	13	0	0	16	10	8	88	0	113
ESV_1093	0	0	0	0	0	0	0	0	0	0	0	0	0	0	0	0	8	71	116	0	0	18	9	27	60	17	0	0	0	29	41	17	17	36
ESV_1105	0	0	0	27	0	0	0	0	0	0	0	0	0	22	0	0	0	220	202	0	0	0	22	35	125	22	0	0	0	34	26	79	49	150
ESV_1117	0	0	0	12	0	0	0	0	0	0	0	0	0	0	0	0	0	6	56	0	0	0	0	21	18	17	0	0	0	61	25	130	67	122
ESV_1144	0	0	0	28	0	0	0	0	0	0	0	0	0	0	0	6	37	60	66	0	0	0	0	62	130	0	0	0	0	39	0	30	50	82
ESV_1150	0	0	0	0	0	8	0	0	0	0	0	0	0	0	0	0	21	10	19	4	0	0	6	15	107	24	0	0	0	14	58	168	124	72
ESV_1151	0	0	0	0	0	0	0	0	0	0	0	0	0	0	0	4	0	0	0	8	0	0	0	7	22	15	0	0	0	25	37	34	40	37
ESV_1155	0	0	0	0	0	0	0	0	0	0	0	0	0	0	0	0	29	0	86	11	0	8	10	50	110	25	0	12	0	11	60	150	24	50
ESV_1156	0	0	0	17	0	0	0	10	0	0	0	7	0	0	0	0	116	103	379	39	36	47	0	157	335	0	0	0	0	56	0	29	0	0
ESV_1169	0	0	0	45	0	0	0	0	0	0	0	0	0	12	0	26	43	42	148	0	0	9	0	20	34	42	0	0	0	0	0	0	20	0
ESV_1171	0	0	0	0	0	0	0	0	24	0	0	0	0	385	0	65	461	1503	2225	0	0	75	0	217	183	0	0	0	0	125	0	0	0	64
ESV_1186	0	0	0	14	0	0	0	0	0	0	0	0	0	27	0	9	34	88	75	0	0	0	0	70	142	29	0	0	0	19	53	69	0	32
ESV_1193	0	0	0	0	0	0	0	0	0	0	0	0	0	19	13	0	23	66	71	0	3	0	0	70	57	0	0	0	19	26	19	207	89	241
ESV_1214	0	0	0	0	38	0	0	8	0	0	0	0	0	24	0	0	98	232	232	8	0	36	38	88	377	0	0	0	0	54	46	58	49	0
ESV_1217	0	0	0	0	0	0	0	0	0	0	0	0	0	0	0	0	96	77	404	0	0	0	0	0	121	24	0	0	48	146	55	755	580	478
ESV_1238	0	0	0	0	0	0	0	0	0	0	0	0	0	30	0	13	75	159	79	0	0	19	5	96	60	0	0	0	0	11	31	63	37	99
ESV_1240	0	0	0	0	0	0	0	0	0	0	0	0	0	0	0	0	0	30	21	0	0	0	0	18	28	0	0	9	13	13	12	183	42	329
ESV_1247	0	0	0	0	0	0	0	0	0	0	16	0	0	207	43	31	198	1392	668	0	0	16	0	10	68	0	0	0	0	7	0	0	0	0
ESV_1248	0	0	0	0	0	0	0	0	0	0	0	0	42	263	0	105	253	1586	737	18	0	45	33	101	136	0	0	0	0	31	0	27	86	0
ESV_1266	0	0	0	0	0	0	0	0	0	0	0	0	0	0	0	0	12	18	68	0	0	12	8	42	114	28	0	6	10	45	45	208	69	335
ESV_1267	0	0	0	0	0	0	0	0	0	0	0	0	0	25	0	14	91	101	82	0	0	0	29	57	132	0	0	0	0	0	22	25	0	0
ESV_1284	0	0	0	14	0	0	0	0	0	0	0	0	0	8	0	0	15	38	34	0	0	0	0	11	66	24	0	0	0	24	49	152	39	126
ESV_1297	0	0	0	2	8	17	0	0	0	0	12	0	0	5	1	0	5	11	9	0	0	0	0	1	3	0	0	0	0	5	0	3	0	3
ESV_1298	0	0	0	0	0	0	0	0	15	0	0	0	0	0	0	0	0	25	0	0	0	0	13	11	34	30	0	9	0	6	13	18	0	0
ESV_1305	0	0	0	31	0	0	0	0	0	0	0	0	0	0	23	0	17	0	93	5	0	0	0	0	23	0	0	0	0	0	4	26	13	74
ESV_1316	0	0	0	0	0	0	0	0	0	0	0	0	0	3	0	0	7	28	87	0	0	0	0	13	33	12	0	0	0	14	6	30	27	35
ESV_1357	0	0	0	20	0	0	0	0	0	0	0	0	0	0	0	0	24	67	76	0	0	0	0	7	35	0	0	0	0	0	23	8	121	65
ESV_1358	0	0	0	0	0	0	0	0	0	0	0	0	0	33	0	14	44	107	95	0	0	20	17	37	120	66	0	10	28	17	13	24	27	0
ESV_1384	0	0	0	0	0	0	0	0	0	0	0	0	17	246	0	108	959	1535	1364	89	0	48	46	143	378	0	0	4	12	0	67	91	0	0
ESV_1415	0	0	0	21	0	0	0	0	0	0	0	0	0	10	0	0	7	18	29	0	0	0	0	28	39	21	0	0	0	23	0	11	0	0
ESV_1443	0	0	0	0	0	0	0	0	0	0	0	0	0	10	0	5	79	279	221	0	13	21	14	54	67	0	0	0	0	0	0	0	0	0
ESV_1467	0	0	0	0	0	0	0	0	0	0	0	0	0	0	0	0	0	40	3	9	0	0	10	28	84	16	0	5	0	7	32	5	0	0
ESV_1473	0	0	0	11	0	0	0	0	0	0	0	0	0	5	0	8	61	125	193	0	0	0	0	20	177	0	0	0	16	20	0	9	60	0
ESV_1474	0	0	0	0	0	0	0	0	0	0	0	0	0	0	0	0	20	79	44	0	0	22	0	28	57	0	0	0	12	9	4	33	0	110
ESV_1475	0	0	0	19	0	0	0	0	0	0	0	0	0	0	0	0	16	28	35	16	0	0	0	40	71	0	0	0	0	0	18	96	0	52
ESV_1483	0	0	0	0	0	0	0	0	0	0	0	0	0	0	0	0	0	3	25	0	0	0	0	10	72	0	0	0	6	45	5	194	72	97
ESV_1488	0	0	0	23	0	0	0	0	0	0	0	0	0	114	0	71	721	333	557	81	0	31	34	37	503	69	0	0	0	0	49	172	28	98
ESV_1501	0	0	0	0	0	0	0	0	0	0	0	0	0	0	0	3	0	0	16	0	0	0	0	17	76	28	0	0	20	13	16	65	0	123
ESV_1506	0	0	0	0	0	0	0	0	0	0	0	0	0	13	0	0	0	0	18	0	0	0	6	10	34	13	0	0	13	23	11	54	57	17
ESV_1507	0	0	0	0	0	0	0	0	0	0	0	0	0	25	0	17	155	382	441	25	0	36	27	90	1121	50	0	14	16	0	7	4	0	0
ESV_1532	0	0	0	0	0	0	0	0	0	0	0	0	0	14	0	0	31	111	114	6	0	18	60	124	251	23	0	5	0	21	38	26	0	24
ESV_1536	0	0	0	0	0	0	0	0	0	0	0	0	0	21	0	0	30	14	22	0	0	0	15	25	71	0	0	0	0	25	6	99	0	19
ESV_1597	0	0	0	2	0	0	0	0	15	0	0	0	0	11	0	0	33	63	352	0	0	9	21	43	98	18	0	0	0	28	0	12	0	26
ESV_1632	0	0	0	0	0	0	0	0	0	0	0	0	0	22	0	0	0	28	32	16	0	0	6	0	26	0	0	0	0	0	22	73	83	143
ESV_1645	0	0	0	16	0	0	0	0	0	0	0	0	0	0	0	6	0	0	19	0	0	0	14	11	112	0	0	0	9	0	21	82	5	104
ESV_1647	0	0	0	0	0	0	0	0	0	0	0	0	0	0	0	0	12	0	0	0	0	0	10	24	52	12	0	0	0	15	35	151	123	119
ESV_1657	0	0	0	0	0	0	0	0	0	0	0	0	0	0	0	0	13	91	33	0	0	6	58	31	63	61	0	0	0	9	0	5	40	0
ESV_1664	0	0	0	0	0	0	0	7	0	0	0	0	0	30	0	0	81	119	88	0	0	16	0	0	89	9	0	0	0	28	11	31	0	43
ESV_1672	0	0	0	0	0	0	0	0	0	0	0	0	0	16	0	0	0	0	0	20	0	0	0	49	59	18	0	0	0	43	43	108	45	180
ESV_1723	0	0	0	19	0	0	0	0	0	0	0	0	0	5	0	0	0	0	14	5	0	0	0	0	27	0	0	0	7	0	35	96	46	107
ESV_1749	0	0	0	11	9	0	0	0	0	0	0	0	0	0	0	0	24	19	19	0	0	0	0	17	41	6	0	0	0	32	8	27	8	60
ESV_1769	0	0	0	0	0	0	0	0	14	0	0	0	0	114	0	0	0	1128	592	0	0	73	45	738	0	138	8	0	158	322	0	0	502	543
ESV_1790	0	0	0	0	0	0	0	0	0	0	0	0	0	0	0	0	38	0	65	0	0	10	11	63	95	58	0	0	0	32	0	57	0	100
ESV_1802	0	0	0	0	0	0	0	0	0	0	0	0	0	15	0	0	0	26	38	0	0	15	0	0	42	40	0	0	0	11	9	77	0	14
ESV_1826	0	0	0	0	0	0	0	0	0	0	0	0	0	124	5	54	117	320	351	47	6	44	8	62	105	13	0	1	18	42	31	114	39	78
ESV_1860	0	0	0	0	0	0	0	0	0	0	0	0	0	25	0	0	7	0	28	0	0	0	7	6	24	0	0	0	0	10	8	3	0	27
ESV_1874	0	0	0	0	0	0	0	0	57	0	0	28	20	42	15	19	74	201	223	8	3	9	5	22	78	10	0	4	8	15	23	57	28	44
ESV_1878	0	0	0	0	0	0	0	0	0	0	0	0	0	0	0	0	11	41	27	0	0	4	30	155	309	161	0	15	49	158	165	31	27	77
ESV_1880	0	0	0	0	0	0	0	0	0	0	0	0	0	233	0	48	415	921	756	0	0	0	0	0	231	47	0	0	0	0	76	184	88	0
ESV_1914	0	0	0	0	0	0	0	0	0	0	0	0	0	7	0	0	0	21	27	0	0	4	0	17	18	5	0	0	2	10	0	15	4	29
ESV_1997	0	0	0	0	0	0	0	0	0	0	0	0	0	0	0	0	44	68	113	0	0	0	0	377	99	0	0	0	30	73	57	287	74	301
ESV_2032	0	0	0	0	0	0	0	0	23	0	0	0	0	0	0	0	74	115	173	0	21	30	0	179	290	0	0	2	28	91	0	29	0	0
ESV_2078	0	0	0	0	0	0	0	0	0	0	0	0	0	0	0	0	46	54	102	0	0	0	0	150	256	0	0	5	0	0	87	191	125	272
ESV_2126	0	0	0	0	0	0	0	0	0	0	0	0	0	0	0	0	11	25	36	0	0	0	9	14	0	0	0	10	8	8	21	17	0	13
ESV_2179	0	0	0	0	0	0	0	0	0	0	0	0	0	5	0	0	8	31	19	0	0	3	21	5	16	0	0	0	0	3	0	3	0	1
ESV_2243	0	0	0	0	0	0	0	0	0	0	0	0	0	0	0	0	12	21	35	14	0	0	0	19	41	0	0	0	19	0	11	48	0	52
ESV_2259	0	0	0	0	0	0	0	0	7	11	26	34	34	45	0	47	33	120	101	21	23	27	7	27	25	58	0	0	0	77	67	47	11	14
ESV_2336	0	0	0	0	0	0	0	0	0	0	0	0	0	7	0	0	0	17	29	0	0	0	7	22	71	0	0	0	8	0	27	11	11	21
ESV_2347	0	0	0	12	0	0	0	0	0	0	0	0	0	20	0	0	0	20	29	0	0	0	11	62	111	18	0	0	10	0	40	30	0	88
ESV_2358	0	0	0	0	0	0	0	0	0	0	0	0	0	0	0	0	24	9	8	0	0	0	15	4	12	0	0	0	0	30	0	44	17	21
ESV_2412	0	0	0	30	0	0	0	0	0	0	0	0	0	0	0	20	2	3	5	15	0	0	21	4	6	23	0	0	16	28	5	10	31	12
ESV_2456	0	0	0	13	0	26	0	7	0	0	0	0	0	6	0	0	0	8	0	0	12	0	19	0	0	34	0	0	31	12	0	18	17	0
ESV_2493	0	0	0	0	0	0	0	0	0	0	0	0	0	30	0	0	34	154	104	14	0	24	38	55	196	0	0	0	0	32	29	0	0	85
ESV_2516	0	0	0	0	0	0	0	0	6	0	0	0	2	6	3	0	3	0	0	6	0	0	0	6	4	23	0	0	0	0	0	0	8	0
ESV_2837	0	0	0	0	0	0	0	0	0	0	0	0	0	8	0	0	14	27	23	0	0	0	0	16	25	0	0	0	6	7	23	25	0	49
ESV_2908	0	0	0	0	0	0	0	0	0	0	0	0	0	235	0	25	163	688	341	0	21	0	18	48	35	20	0	0	0	0	0	0	0	0
ESV_2974	0	0	0	0	0	0	0	0	0	0	0	0	0	0	0	0	0	30	24	0	0	0	4	15	25	0	0	4	10	0	14	8	0	41
ESV_3100	0	0	0	0	0	0	0	0	0	0	0	0	0	95	0	0	19	470	83	2	0	62	0	96	17	5	0	0	0	41	29	46	28	13
ESV_3149	0	0	0	1	2	0	0	0	0	0	0	0	0	1	0	0	2	5	2	0	0	0	0	1	1	18	0	0	0	1	1	1	0	4
ESV_3187	0	0	2	0	0	29	0	46	0	3	0	10	6	0	16	3	5	0	18	0	0	0	0	0	4	0	8	0	0	0	0	0	0	0
ESV_3262	0	0	0	0	0	0	0	10	17	1	0	0	0	51	0	25	19	122	105	1	0	6	12	13	22	0	0	0	0	0	0	0	12	12
ESV_3273	0	0	0	0	0	0	0	0	0	0	0	0	0	0	0	0	0	4	6	0	0	0	2	8	7	5	0	0	3	6	2	21	22	53
ESV_3457	0	0	0	0	0	0	0	0	0	0	0	0	0	0	0	0	9	25	0	0	0	0	0	43	50	31	0	21	28	10	22	68	106	178
ESV_3498	0	0	0	0	0	0	0	0	0	0	0	0	0	43	0	0	112	243	385	45	0	0	0	54	201	0	0	0	0	0	73	136	40	45
ESV_3832	0	0	0	2	1	0	0	0	0	0	0	0	0	2	0	0	5	5	19	0	0	0	0	8	22	3	0	0	1	4	11	38	5	21
ESV_4082	0	0	0	0	0	0	0	0	0	0	0	0	0	7	0	0	0	3	5	0	0	1	0	5	4	1	0	0	1	7	1	0	0	4
ESV_4196	0	0	0	0	0	0	0	0	0	0	0	0	0	3	0	0	9	19	15	0	0	1	0	6	5	0	0	0	0	5	0	3	0	3
ESV_4354	0	16	0	0	0	0	0	0	0	0	0	0	5	0	0	7	2	0	0	9	25	0	0	4	6	0	0	0	0	8	7	2	20	0
ESV_4781	0	0	0	13	0	0	0	0	0	0	0	0	0	2	0	0	1	9	13	1	0	0	0	0	1	0	0	0	0	3	0	0	2	1
ESV_5192	0	0	0	0	0	0	0	0	0	0	0	0	0	20	0	0	47	41	31	0	0	7	0	0	44	0	0	0	0	12	18	32	18	0
ESV_5248	0	0	0	0	0	0	0	0	0	0	0	0	1	29	10	9	28	89	57	7	0	0	0	38	38	36	0	0	0	0	3	26	0	0
ESV_5638	0	0	0	0	0	0	0	0	0	0	0	0	0	0	0	0	29	102	0	15	0	0	0	58	99	24	0	0	22	0	0	112	45	20
ESV_7279	0	0	0	2	1	0	0	0	0	0	0	0	0	0	0	0	1	3	1	0	0	0	0	2	0	1	0	0	1	1	0	3	0	3
ESV_8164	0	0	0	0	0	0	0	0	0	0	0	0	0	7	0	0	7	31	20	0	19	2	0	0	7	0	0	0	0	35	0	31	0	54
